precision:0.8820533174571674
recall:0.9320999161152018
F:0.9320999161152018
