precision:0.8833657766187976
recall:0.9340494609625004
F:0.9340494609625004
